---
build/images/Brian-3.jpg: 2016-12-05 22:54:32.791916539 +00:00
build/images/Brian10.jpg: 2016-12-05 22:54:32.823916537 +00:00
build/images/bg/contact-bg.jpg: 2016-11-12 18:06:59.605331518 +00:00
build/images/bg/darkgreybg.png: 2016-11-12 18:07:06.693332228 +00:00
build/images/bg/skills-bg.jpg: 2016-11-12 18:06:59.605331518 +00:00
build/images/bg/bg-mobile-fallback.jpg: 2016-11-12 18:07:07.321332291 +00:00
build/images/bg/breadcrumbs.png: 2016-11-12 18:07:08.145332373 +00:00
build/images/bg/steampunk-header-background.jpg: 2016-11-12 18:07:06.897332248 +00:00
build/images/bg/12.png: 2016-11-12 18:06:59.589331516 +00:00
build/images/portfolio/mhh-portfolio-small2.jpg: 2016-11-12 18:07:05.697332128 +00:00
build/images/portfolio/inspirational-man2.jpg: 2016-11-12 18:06:59.593331517 +00:00
build/images/portfolio/gardenconcepts-portfolio-small2.jpg: 2016-11-12 18:07:05.689332127
  +00:00
build/images/portfolio/gardenconcepts-portfolio-small.jpg: 2016-11-12 18:07:06.133332172
  +00:00
build/images/portfolio/bab-portfolio-small2.jpg: 2016-11-12 18:07:06.093332167 +00:00
build/images/portfolio/bab-portfolio-small.jpg: 2016-11-12 18:06:59.593331517 +00:00
build/images/portfolio/shoppingcartbig.jpg: 2016-11-12 18:07:06.897332248 +00:00
build/images/portfolio/mhh-portfolio-bg.jpg: 2016-11-12 18:06:59.597331517 +00:00
build/images/portfolio/a-long-road2.jpg: 2016-11-12 18:07:06.337332192 +00:00
build/images/portfolio/grid/graphic/comingsoon.png: 2016-11-12 18:07:13.353332894
  +00:00
build/images/portfolio/grid/identity/mhhSH.jpg: 2016-11-12 18:07:05.937332152 +00:00
build/images/portfolio/grid/identity/babSH2.jpg: 2016-11-12 18:07:06.097332168 +00:00
build/images/portfolio/gardenconcepts-header.jpg: 2016-11-12 18:07:06.121332170 +00:00
build/images/portfolio/mathapp-small.jpg: 2016-11-12 18:07:05.693332127 +00:00
build/images/portfolio/math-app-portfolio.jpg: 2016-11-12 18:07:06.081332167 +00:00
build/images/portfolio/mhh-portfolio-small.jpg: 2016-11-12 18:06:59.597331517 +00:00
build/images/portfolio/BH-Adsense-Earnings.jpg: 2016-11-12 18:07:06.529332211 +00:00
build/images/portfolio/mathapp-small2.jpg: 2016-11-12 18:07:05.905332149 +00:00
build/images/portfolio/shoppingcartsmall.jpg: 2016-11-12 18:07:05.749332133 +00:00
build/images/portfolio/gardenconcepts-portfolio-large2.jpg: 2016-11-12 18:07:05.725332131
  +00:00
build/images/portfolio/gardenconcepts-portfolio-large.jpg: 2016-11-12 18:07:06.113332169
  +00:00
build/images/portfolio/a-long-road.jpg: 2016-11-12 18:07:06.321332190 +00:00
build/images/portfolio/comingsoon.jpg: 2016-11-12 18:07:06.321332190 +00:00
build/images/portfolio/happyinaseaofsadness.jpg: 2016-11-12 18:06:59.601331518 +00:00
build/images/portfolio/happyinaseaofsadness2.jpg: 2016-11-12 18:06:59.589331516 +00:00
build/images/logos/logo-brian.png: 2016-11-12 18:07:07.517332310 +00:00
build/images/Brian_R.jpg: 2016-11-12 18:06:59.609331519 +00:00
build/images/Brian6.jpg: 2016-11-12 18:07:07.301332289 +00:00
